198
80
218
125
92
146
153
75
151
224
73
69
204
620
107
99
71
82
66
83
225
53
168
81
150
151
206
84
96
188
61
246
56
93
124
194
97
230
91
65
86
90
60
297
157
76
6
93
362
195
70
109
91
109
8
145
128
88
299
235
279
85
98
278
118
76
325
90
201
293
134
214
140
180
108
45
185
282
899
329
4
205
74
97
112
282
191
100
19
13
204
209
340
76
77
421
89
113
136
109
50
233
112
84
157
122
125
232
100
61
303
81
82
81
220
83
204
246
226
116
120
250
84
106
117
62
111
209
131
77
122
34
267
99
141
26
152
146
107
163
212
134
291
112
30
387
86
76
119
126
90
158
226
213
140
242
46
281
111
237
123
74
116
142
